nbS : 12
nbO : 5
nbA : 6
P_init 
0.0909090909090909 0.0909090909090909 0.0909090909090909 0.0909090909090909 0.0909090909090909 0.0909090909090909 0.0909090909090909 0.0909090909090909 0.0909090909090909 0.0909090909090909 0.0909090909090909 0.0 
P_trans 
0.0 0.0 0.0 0.0 0.0 0.0 0.0 0.0 0.0 0.0 1.0 0.0 
0.0 0.0 0.0 0.0 0.0 0.0 0.0 0.0 0.0 0.0 1.0 0.0 
0.04 0.0 0.0 0.0 0.0 0.0 0.0 0.0 0.0 0.0 0.96 0.0 
0.04 0.0 0.0 0.0 0.0 0.0 0.0 0.0 0.0 0.0 0.96 0.0 
0.04 0.0 0.0 0.0 0.0 0.0 0.0 0.0 0.0 0.0 0.96 0.0 
0.04 0.0 0.0 0.0 0.0 0.0 0.0 0.0 0.0 0.0 0.96 0.0 

0.0 0.0 0.0 0.0 0.0 0.0 0.0 0.0 0.0 0.0 1.0 0.0 
0.0 0.0 0.0 0.0 0.0 0.0 0.0 0.0 0.0 0.0 1.0 0.0 
0.9 0.04 0.0 0.0 0.0 0.0 0.0 0.0 0.0 0.0 0.06 0.0 
0.9 0.04 0.0 0.0 0.0 0.0 0.0 0.0 0.0 0.0 0.06 0.0 
0.9 0.04 0.0 0.0 0.0 0.0 0.0 0.0 0.0 0.0 0.06 0.0 
0.9 0.04 0.0 0.0 0.0 0.0 0.0 0.0 0.0 0.0 0.06 0.0 

0.0 0.0 0.0 0.0 0.0 0.0 0.0 0.0 0.0 0.0 1.0 0.0 
0.0 0.0 0.0 0.0 0.0 0.0 0.0 0.0 0.0 0.0 1.0 0.0 
0.06 0.9 0.04 0.0 0.0 0.0 0.0 0.0 0.0 0.0 0.0 0.0 
0.06 0.9 0.04 0.0 0.0 0.0 0.0 0.0 0.0 0.0 0.0 0.0 
0.06 0.9 0.04 0.0 0.0 0.0 0.0 0.0 0.0 0.0 0.0 0.0 
0.06 0.9 0.04 0.0 0.0 0.0 0.0 0.0 0.0 0.0 0.0 0.0 

0.0 0.0 0.0 0.0 0.0 0.0 0.0 0.0 0.0 0.0 1.0 0.0 
0.0 0.0 0.0 0.0 0.0 0.0 0.0 0.0 0.0 0.0 1.0 0.0 
0.0 0.06 0.9 0.04 0.0 0.0 0.0 0.0 0.0 0.0 0.0 0.0 
0.0 0.06 0.9 0.04 0.0 0.0 0.0 0.0 0.0 0.0 0.0 0.0 
0.0 0.06 0.9 0.04 0.0 0.0 0.0 0.0 0.0 0.0 0.0 0.0 
0.0 0.06 0.9 0.04 0.0 0.0 0.0 0.0 0.0 0.0 0.0 0.0 

0.0 0.0 0.0 0.0 0.0 0.0 0.0 0.0 0.0 0.0 1.0 0.0 
0.0 0.0 0.0 0.0 0.0 0.0 0.0 0.0 0.0 0.0 1.0 0.0 
0.0 0.0 0.06 0.9 0.04 0.0 0.0 0.0 0.0 0.0 0.0 0.0 
0.0 0.0 0.06 0.9 0.04 0.0 0.0 0.0 0.0 0.0 0.0 0.0 
0.0 0.0 0.06 0.9 0.04 0.0 0.0 0.0 0.0 0.0 0.0 0.0 
0.0 0.0 0.06 0.9 0.04 0.0 0.0 0.0 0.0 0.0 0.0 0.0 

0.0 0.0 0.0 0.0 0.0 0.0 0.0 0.0 0.0 0.0 0.1 0.9 
0.0 0.0 0.0 0.0 0.0 0.0 0.0 0.0 0.0 0.0 0.99 0.01 
0.0 0.0 0.0 0.0 0.0 0.004 0.0 0.0 0.0 0.0 0.096 0.9 
0.0 0.0 0.0 0.0 0.0 0.0256 0.0 0.0 0.0 0.0 0.6144 0.36 
0.0 0.0 0.0 0.0 0.0 0.0274 0.0 0.0 0.0 0.0 0.6576 0.315 
0.0 0.0 0.0 0.0 0.0 0.03496 0.0 0.0 0.0 0.0 0.83904 0.126 

0.0 0.0 0.0 0.0 0.0 0.0 0.0 0.0 0.0 0.0 0.1 0.9 
0.0 0.0 0.0 0.0 0.0 0.0 0.0 0.0 0.0 0.0 0.99 0.01 
0.0 0.0 0.0 0.0 0.0 0.28125 0.0125 0.0 0.0 0.0 0.01875 0.6875 
0.0 0.0 0.0 0.0 0.0 0.6525 0.029 0.0 0.0 0.0 0.0435 0.275 
0.0 0.0 0.0 0.0 0.0 0.6834375 0.030375 0.0 0.0 0.0 0.0455625 0.240625 
0.0 0.0 0.0 0.0 0.0 0.813375 0.03615 0.0 0.0 0.0 0.054225 0.09625 

0.0 0.0 0.0 0.0 0.0 0.0 0.0 0.0 0.0 0.0 0.1 0.9 
0.0 0.0 0.0 0.0 0.0 0.0 0.0 0.0 0.0 0.0 0.99 0.01 
0.0 0.0 0.0 0.0 0.0 0.0315 0.4725 0.021 0.0 0.0 0.0 0.475 
0.0 0.0 0.0 0.0 0.0 0.0486 0.729 0.0324 0.0 0.0 0.0 0.19 
0.0 0.0 0.0 0.0 0.0 0.050025 0.750375 0.03335 0.0 0.0 0.0 0.16625 
0.0 0.0 0.0 0.0 0.0 0.05601 0.84015 0.03734 0.0 0.0 0.0 0.0665 

0.0 0.0 0.0 0.0 0.0 0.0 0.0 0.0 0.0 0.0 0.1 0.9 
0.0 0.0 0.0 0.0 0.0 0.0 0.0 0.0 0.0 0.0 0.99 0.01 
0.0 0.0 0.0 0.0 0.0 0.0 0.04425 0.66375 0.0295 0.0 0.0 0.2625 
0.0 0.0 0.0 0.0 0.0 0.0 0.0537 0.8055 0.0358 0.0 0.0 0.105 
0.0 0.0 0.0 0.0 0.0 0.0 0.0544875 0.8173125 0.036325 0.0 0.0 0.091875 
0.0 0.0 0.0 0.0 0.0 0.0 0.057795 0.866925 0.03853 0.0 0.0 0.03675 

0.0 0.0 0.0 0.0 0.0 0.0 0.0 0.0 0.0 0.0 0.1 0.9 
0.0 0.0 0.0 0.0 0.0 0.0 0.0 0.0 0.0 0.0 0.99 0.01 
0.0 0.0 0.0 0.0 0.0 0.0 0.0 0.057 0.855 0.038 0.0 0.05 
0.0 0.0 0.0 0.0 0.0 0.0 0.0 0.0588 0.882 0.0392 0.0 0.02 
0.0 0.0 0.0 0.0 0.0 0.0 0.0 0.05895 0.88425 0.0393 0.0 0.0175 
0.0 0.0 0.0 0.0 0.0 0.0 0.0 0.05958 0.8937 0.03972 0.0 0.007 

0.0909090909090909 0.0909090909090909 0.0909090909090909 0.0909090909090909 0.0909090909090909 0.0909090909090909 0.0909090909090909 0.0909090909090909 0.0909090909090909 0.0909090909090909 0.0909090909090909 0.0 
0.0909090909090909 0.0909090909090909 0.0909090909090909 0.0909090909090909 0.0909090909090909 0.0909090909090909 0.0909090909090909 0.0909090909090909 0.0909090909090909 0.0909090909090909 0.0909090909090909 0.0 
0.0909090909090909 0.0909090909090909 0.0909090909090909 0.0909090909090909 0.0909090909090909 0.0909090909090909 0.0909090909090909 0.0909090909090909 0.0909090909090909 0.0909090909090909 0.0909090909090909 0.0 
0.0909090909090909 0.0909090909090909 0.0909090909090909 0.0909090909090909 0.0909090909090909 0.0909090909090909 0.0909090909090909 0.0909090909090909 0.0909090909090909 0.0909090909090909 0.0909090909090909 0.0 
0.0909090909090909 0.0909090909090909 0.0909090909090909 0.0909090909090909 0.0909090909090909 0.0909090909090909 0.0909090909090909 0.0909090909090909 0.0909090909090909 0.0909090909090909 0.0909090909090909 0.0 
0.0909090909090909 0.0909090909090909 0.0909090909090909 0.0909090909090909 0.0909090909090909 0.0909090909090909 0.0909090909090909 0.0909090909090909 0.0909090909090909 0.0909090909090909 0.0909090909090909 0.0 

0.0 0.0 0.0 0.0 0.0 0.0 0.0 0.0 0.0 0.0 0.0 1.0 
0.0 0.0 0.0 0.0 0.0 0.0 0.0 0.0 0.0 0.0 0.0 1.0 
0.0 0.0 0.0 0.0 0.0 0.0 0.0 0.0 0.0 0.0 0.0 1.0 
0.0 0.0 0.0 0.0 0.0 0.0 0.0 0.0 0.0 0.0 0.0 1.0 
0.0 0.0 0.0 0.0 0.0 0.0 0.0 0.0 0.0 0.0 0.0 1.0 
0.0 0.0 0.0 0.0 0.0 0.0 0.0 0.0 0.0 0.0 0.0 1.0 


P_emis 
0.0 1.0 0.0 0.0 0.0 
0.0 1.0 0.0 0.0 0.0 
0.0 1.0 0.0 0.0 0.0 
0.0 1.0 0.0 0.0 0.0 
0.0 1.0 0.0 0.0 0.0 
1.0 0.0 0.0 0.0 0.0 
1.0 0.0 0.0 0.0 0.0 
1.0 0.0 0.0 0.0 0.0 
1.0 0.0 0.0 0.0 0.0 
1.0 0.0 0.0 0.0 0.0 
0.25 0.25 0.25 0.25 0.0 
0.0 0.0 0.0 0.0 1.0 

0.0 1.0 0.0 0.0 0.0 
0.0 1.0 0.0 0.0 0.0 
0.0 1.0 0.0 0.0 0.0 
0.0 1.0 0.0 0.0 0.0 
0.0 1.0 0.0 0.0 0.0 
1.0 0.0 0.0 0.0 0.0 
1.0 0.0 0.0 0.0 0.0 
1.0 0.0 0.0 0.0 0.0 
1.0 0.0 0.0 0.0 0.0 
1.0 0.0 0.0 0.0 0.0 
0.25 0.25 0.25 0.25 0.0 
0.0 0.0 0.0 0.0 1.0 

0.05 0.95 0.0 0.0 0.0 
0.12875 0.87125 0.0 0.0 0.0 
0.2075 0.7925 0.0 0.0 0.0 
0.28625 0.71375 0.0 0.0 0.0 
0.365 0.635 0.0 0.0 0.0 
0.95 0.05 0.0 0.0 0.0 
0.87125 0.12875 0.0 0.0 0.0 
0.7925 0.2075 0.0 0.0 0.0 
0.71375 0.28625 0.0 0.0 0.0 
0.635 0.365 0.0 0.0 0.0 
0.25 0.25 0.25 0.25 0.0 
0.0 0.0 0.0 0.0 1.0 

0.1 0.9 0.0 0.0 0.0 
0.17 0.83 0.0 0.0 0.0 
0.24 0.76 0.0 0.0 0.0 
0.31 0.69 0.0 0.0 0.0 
0.38 0.62 0.0 0.0 0.0 
0.9 0.1 0.0 0.0 0.0 
0.83 0.17 0.0 0.0 0.0 
0.76 0.24 0.0 0.0 0.0 
0.69 0.31 0.0 0.0 0.0 
0.62 0.38 0.0 0.0 0.0 
0.25 0.25 0.25 0.25 0.0 
0.0 0.0 0.0 0.0 1.0 

0.0 0.0 0.125 0.875 0.0 
0.0 0.0 0.2 0.8 0.0 
0.0 0.0 0.275 0.725 0.0 
0.0 0.0 0.35 0.65 0.0 
0.0 0.0 0.425 0.575 0.0 
0.0 0.0 0.875 0.125 0.0 
0.0 0.0 0.8 0.2 0.0 
0.0 0.0 0.725 0.275 0.0 
0.0 0.0 0.65 0.35 0.0 
0.0 0.0 0.575 0.425 0.0 
0.25 0.25 0.25 0.25 0.0 
0.0 0.0 0.0 0.0 1.0 

0.0 0.0 0.25 0.75 0.0 
0.0 0.0 0.3 0.7 0.0 
0.0 0.0 0.35 0.65 0.0 
0.0 0.0 0.4 0.6 0.0 
0.0 0.0 0.45 0.55 0.0 
0.0 0.0 0.75 0.25 0.0 
0.0 0.0 0.7 0.3 0.0 
0.0 0.0 0.65 0.35 0.0 
0.0 0.0 0.6 0.4 0.0 
0.0 0.0 0.55 0.45 0.0 
0.25 0.25 0.25 0.25 0.0 
0.0 0.0 0.0 0.0 1.0 


Reward 
0.0 0.0 0.0 0.0 0.0 0.0 0.0 0.0 0.0 0.0 0.0 -100.0 
-5.0 -5.0 -5.0 -5.0 -5.0 -5.0 -5.0 -5.0 -5.0 -5.0 -5.0 -100.0 
0.0 0.0 0.0 0.0 0.0 0.0 0.0 0.0 0.0 0.0 0.0 -100.0 
0.0 0.0 0.0 0.0 0.0 0.0 0.0 0.0 0.0 0.0 0.0 -100.0 
0.0 0.0 0.0 0.0 0.0 0.0 0.0 0.0 0.0 0.0 0.0 -100.0 
0.0 0.0 0.0 0.0 0.0 0.0 0.0 0.0 0.0 0.0 0.0 -100.0 

0.0 0.0 0.0 0.0 0.0 0.0 0.0 0.0 0.0 0.0 0.0 -100.0 
-5.0 -5.0 -5.0 -5.0 -5.0 -5.0 -5.0 -5.0 -5.0 -5.0 -5.0 -5.0 
0.0 0.0 0.0 0.0 0.0 0.0 0.0 0.0 0.0 0.0 0.0 -100.0 
0.0 0.0 0.0 0.0 0.0 0.0 0.0 0.0 0.0 0.0 0.0 -100.0 
0.0 0.0 0.0 0.0 0.0 0.0 0.0 0.0 0.0 0.0 0.0 -100.0 
0.0 0.0 0.0 0.0 0.0 0.0 0.0 0.0 0.0 0.0 0.0 -100.0 

0.0 0.0 0.0 0.0 0.0 0.0 0.0 0.0 0.0 0.0 0.0 -100.0 
-5.0 -5.0 -5.0 -5.0 -5.0 -5.0 -5.0 -5.0 -5.0 -5.0 -5.0 -100.0 
0.0 0.0 0.0 0.0 0.0 0.0 0.0 0.0 0.0 0.0 0.0 -100.0 
0.0 0.0 0.0 0.0 0.0 0.0 0.0 0.0 0.0 0.0 0.0 -100.0 
0.0 0.0 0.0 0.0 0.0 0.0 0.0 0.0 0.0 0.0 0.0 -100.0 
0.0 0.0 0.0 0.0 0.0 0.0 0.0 0.0 0.0 0.0 0.0 -100.0 

0.0 0.0 0.0 0.0 0.0 0.0 0.0 0.0 0.0 0.0 0.0 -100.0 
-5.0 -5.0 -5.0 -5.0 -5.0 -5.0 -5.0 -5.0 -5.0 -5.0 -5.0 -5.0 
0.0 0.0 0.0 0.0 0.0 0.0 0.0 0.0 0.0 0.0 0.0 -100.0 
0.0 0.0 0.0 0.0 0.0 0.0 0.0 0.0 0.0 0.0 0.0 -100.0 
0.0 0.0 0.0 0.0 0.0 0.0 0.0 0.0 0.0 0.0 0.0 -100.0 
0.0 0.0 0.0 0.0 0.0 0.0 0.0 0.0 0.0 0.0 0.0 -100.0 

0.0 0.0 0.0 0.0 0.0 0.0 0.0 0.0 0.0 0.0 0.0 -100.0 
-5.0 -5.0 -5.0 -5.0 -5.0 -5.0 -5.0 -5.0 -5.0 -5.0 -5.0 -5.0 
0.0 0.0 0.0 0.0 0.0 0.0 0.0 0.0 0.0 0.0 0.0 -100.0 
0.0 0.0 0.0 0.0 0.0 0.0 0.0 0.0 0.0 0.0 0.0 -100.0 
0.0 0.0 0.0 0.0 0.0 0.0 0.0 0.0 0.0 0.0 0.0 -100.0 
0.0 0.0 0.0 0.0 0.0 0.0 0.0 0.0 0.0 0.0 0.0 -100.0 

0.0 0.0 0.0 0.0 0.0 0.0 0.0 0.0 0.0 0.0 0.0 -100.0 
5.0 5.0 5.0 5.0 5.0 5.0 5.0 5.0 5.0 5.0 5.0 5.0 
0.0 0.0 0.0 0.0 0.0 0.0 0.0 0.0 0.0 0.0 0.0 -100.0 
0.0 0.0 0.0 0.0 0.0 0.0 0.0 0.0 0.0 0.0 0.0 -100.0 
0.0 0.0 0.0 0.0 0.0 0.0 0.0 0.0 0.0 0.0 0.0 -100.0 
0.0 0.0 0.0 0.0 0.0 0.0 0.0 0.0 0.0 0.0 0.0 -100.0 

0.0 0.0 0.0 0.0 0.0 0.0 0.0 0.0 0.0 0.0 0.0 -100.0 
5.0 5.0 5.0 5.0 5.0 5.0 5.0 5.0 5.0 5.0 5.0 -100.0 
0.0 0.0 0.0 0.0 0.0 0.0 0.0 0.0 0.0 0.0 0.0 -100.0 
0.0 0.0 0.0 0.0 0.0 0.0 0.0 0.0 0.0 0.0 0.0 -100.0 
0.0 0.0 0.0 0.0 0.0 0.0 0.0 0.0 0.0 0.0 0.0 -100.0 
0.0 0.0 0.0 0.0 0.0 0.0 0.0 0.0 0.0 0.0 0.0 -100.0 

0.0 0.0 0.0 0.0 0.0 0.0 0.0 0.0 0.0 0.0 0.0 -100.0 
5.0 5.0 5.0 5.0 5.0 5.0 5.0 5.0 5.0 5.0 5.0 -100.0 
0.0 0.0 0.0 0.0 0.0 0.0 0.0 0.0 0.0 0.0 0.0 -100.0 
0.0 0.0 0.0 0.0 0.0 0.0 0.0 0.0 0.0 0.0 0.0 -100.0 
0.0 0.0 0.0 0.0 0.0 0.0 0.0 0.0 0.0 0.0 0.0 -100.0 
0.0 0.0 0.0 0.0 0.0 0.0 0.0 0.0 0.0 0.0 0.0 -100.0 

0.0 0.0 0.0 0.0 0.0 0.0 0.0 0.0 0.0 0.0 0.0 -100.0 
5.0 5.0 5.0 5.0 5.0 5.0 5.0 5.0 5.0 5.0 5.0 -100.0 
0.0 0.0 0.0 0.0 0.0 0.0 0.0 0.0 0.0 0.0 0.0 -100.0 
0.0 0.0 0.0 0.0 0.0 0.0 0.0 0.0 0.0 0.0 0.0 -100.0 
0.0 0.0 0.0 0.0 0.0 0.0 0.0 0.0 0.0 0.0 0.0 -100.0 
0.0 0.0 0.0 0.0 0.0 0.0 0.0 0.0 0.0 0.0 0.0 -100.0 

0.0 0.0 0.0 0.0 0.0 0.0 0.0 0.0 0.0 0.0 0.0 -100.0 
5.0 5.0 5.0 5.0 5.0 5.0 5.0 5.0 5.0 5.0 5.0 -100.0 
0.0 0.0 0.0 0.0 0.0 0.0 0.0 0.0 0.0 0.0 0.0 -100.0 
0.0 0.0 0.0 0.0 0.0 0.0 0.0 0.0 0.0 0.0 0.0 -100.0 
0.0 0.0 0.0 0.0 0.0 0.0 0.0 0.0 0.0 0.0 0.0 -100.0 
0.0 0.0 0.0 0.0 0.0 0.0 0.0 0.0 0.0 0.0 0.0 -100.0 

0.0 0.0 0.0 0.0 0.0 0.0 0.0 0.0 0.0 0.0 0.0 -100.0 
0.0 0.0 0.0 0.0 0.0 0.0 0.0 0.0 0.0 0.0 0.0 -100.0 
0.0 0.0 0.0 0.0 0.0 0.0 0.0 0.0 0.0 0.0 0.0 -100.0 
0.0 0.0 0.0 0.0 0.0 0.0 0.0 0.0 0.0 0.0 0.0 -100.0 
0.0 0.0 0.0 0.0 0.0 0.0 0.0 0.0 0.0 0.0 0.0 -100.0 
0.0 0.0 0.0 0.0 0.0 0.0 0.0 0.0 0.0 0.0 0.0 -100.0 

0.0 0.0 0.0 0.0 0.0 0.0 0.0 0.0 0.0 0.0 0.0 0.0 
0.0 0.0 0.0 0.0 0.0 0.0 0.0 0.0 0.0 0.0 0.0 0.0 
0.0 0.0 0.0 0.0 0.0 0.0 0.0 0.0 0.0 0.0 0.0 0.0 
0.0 0.0 0.0 0.0 0.0 0.0 0.0 0.0 0.0 0.0 0.0 0.0 
0.0 0.0 0.0 0.0 0.0 0.0 0.0 0.0 0.0 0.0 0.0 0.0 
0.0 0.0 0.0 0.0 0.0 0.0 0.0 0.0 0.0 0.0 0.0 0.0 

